1 2 3 4 5
-1 -2
-1 -3
-1 -4
-1 -5
-2 -3
-2 -4
-2 -5
-3 -4
-3 -5
-4 -5
6 7 8 9 10
-6 -7
-6 -8
-6 -9
-6 -10
-7 -8
-7 -9
-7 -10
-8 -9
-8 -10
-9 -10
11 12 13 14 15
-11 -12
-11 -13
-11 -14
-11 -15
-12 -13
-12 -14
-12 -15
-13 -14
-13 -15
-14 -15
16 17 18 19 20
-16 -17
-16 -18
-16 -19
-16 -20
-17 -18
-17 -19
-17 -20
-18 -19
-18 -20
-19 -20
21 22 23 24 25
-21 -22
-21 -23
-21 -24
-21 -25
-22 -23
-22 -24
-22 -25
-23 -24
-23 -25
-24 -25
51 52 53 54 55
-51 -52
-51 -53
-51 -54
-51 -55
-52 -53
-52 -54
-52 -55
-53 -54
-53 -55
-54 -55
56 57 58 59 60
-56 -57
-56 -58
-56 -59
-56 -60
-57 -58
-57 -59
-57 -60
-58 -59
-58 -60
-59 -60
61 62 63 64 65
-61 -62
-61 -63
-61 -64
-61 -65
-62 -63
-62 -64
-62 -65
-63 -64
-63 -65
-64 -65
66 67 68 69 70
-66 -67
-66 -68
-66 -69
-66 -70
-67 -68
-67 -69
-67 -70
-68 -69
-68 -70
-69 -70
71 72 73 74 75
-71 -72
-71 -73
-71 -74
-71 -75
-72 -73
-72 -74
-72 -75
-73 -74
-73 -75
-74 -75
26 27 28 29 30
-26 -27
-26 -28
-26 -29
-26 -30
-27 -28
-27 -29
-27 -30
-28 -29
-28 -30
-29 -30
31 32 33 34 35
-31 -32
-31 -33
-31 -34
-31 -35
-32 -33
-32 -34
-32 -35
-33 -34
-33 -35
-34 -35
36 37 38 39 40
-36 -37
-36 -38
-36 -39
-36 -40
-37 -38
-37 -39
-37 -40
-38 -39
-38 -40
-39 -40
41 42 43 44 45
-41 -42
-41 -43
-41 -44
-41 -45
-42 -43
-42 -44
-42 -45
-43 -44
-43 -45
-44 -45
46 47 48 49 50
-46 -47
-46 -48
-46 -49
-46 -50
-47 -48
-47 -49
-47 -50
-48 -49
-48 -50
-49 -50
101 102 103 104 105
-101 -102
-101 -103
-101 -104
-101 -105
-102 -103
-102 -104
-102 -105
-103 -104
-103 -105
-104 -105
106 107 108 109 110
-106 -107
-106 -108
-106 -109
-106 -110
-107 -108
-107 -109
-107 -110
-108 -109
-108 -110
-109 -110
111 112 113 114 115
-111 -112
-111 -113
-111 -114
-111 -115
-112 -113
-112 -114
-112 -115
-113 -114
-113 -115
-114 -115
116 117 118 119 120
-116 -117
-116 -118
-116 -119
-116 -120
-117 -118
-117 -119
-117 -120
-118 -119
-118 -120
-119 -120
121 122 123 124 125
-121 -122
-121 -123
-121 -124
-121 -125
-122 -123
-122 -124
-122 -125
-123 -124
-123 -125
-124 -125
76 77 78 79 80
-76 -77
-76 -78
-76 -79
-76 -80
-77 -78
-77 -79
-77 -80
-78 -79
-78 -80
-79 -80
81 82 83 84 85
-81 -82
-81 -83
-81 -84
-81 -85
-82 -83
-82 -84
-82 -85
-83 -84
-83 -85
-84 -85
86 87 88 89 90
-86 -87
-86 -88
-86 -89
-86 -90
-87 -88
-87 -89
-87 -90
-88 -89
-88 -90
-89 -90
91 92 93 94 95
-91 -92
-91 -93
-91 -94
-91 -95
-92 -93
-92 -94
-92 -95
-93 -94
-93 -95
-94 -95
96 97 98 99 100
-96 -97
-96 -98
-96 -99
-96 -100
-97 -98
-97 -99
-97 -100
-98 -99
-98 -100
-99 -100
-1 -7 126
-2 -8 126
-3 -9 126
-4 -10 126
-1 -12 127
-2 -13 127
-3 -14 127
-4 -15 127
-1 -17 128
-2 -18 128
-3 -19 128
-4 -20 128
-1 -22 129
-2 -23 129
-3 -24 129
-4 -25 129
-6 -2 130
-7 -3 130
-8 -4 130
-9 -5 130
-6 -12 131
-7 -13 131
-8 -14 131
-9 -15 131
-6 -17 132
-7 -18 132
-8 -19 132
-9 -20 132
-6 -22 133
-7 -23 133
-8 -24 133
-9 -25 133
-11 -2 134
-12 -3 134
-13 -4 134
-14 -5 134
-11 -7 135
-12 -8 135
-13 -9 135
-14 -10 135
-11 -17 136
-12 -18 136
-13 -19 136
-14 -20 136
-11 -22 137
-12 -23 137
-13 -24 137
-14 -25 137
-16 -2 138
-17 -3 138
-18 -4 138
-19 -5 138
-16 -7 139
-17 -8 139
-18 -9 139
-19 -10 139
-16 -12 140
-17 -13 140
-18 -14 140
-19 -15 140
-16 -22 141
-17 -23 141
-18 -24 141
-19 -25 141
-21 -2 142
-22 -3 142
-23 -4 142
-24 -5 142
-21 -7 143
-22 -8 143
-23 -9 143
-24 -10 143
-21 -12 144
-22 -13 144
-23 -14 144
-24 -15 144
-21 -17 145
-22 -18 145
-23 -19 145
-24 -20 145
-1 -8 -126
-1 -9 -126
-1 -10 -126
-2 -6 -126
-2 -9 -126
-2 -10 -126
-3 -6 -126
-3 -7 -126
-3 -10 -126
-4 -6 -126
-4 -7 -126
-4 -8 -126
-5 -6 -126
-5 -7 -126
-5 -8 -126
-5 -9 -126
-1 -13 -127
-1 -14 -127
-1 -15 -127
-2 -11 -127
-2 -14 -127
-2 -15 -127
-3 -11 -127
-3 -12 -127
-3 -15 -127
-4 -11 -127
-4 -12 -127
-4 -13 -127
-5 -11 -127
-5 -12 -127
-5 -13 -127
-5 -14 -127
-1 -18 -128
-1 -19 -128
-1 -20 -128
-2 -16 -128
-2 -19 -128
-2 -20 -128
-3 -16 -128
-3 -17 -128
-3 -20 -128
-4 -16 -128
-4 -17 -128
-4 -18 -128
-5 -16 -128
-5 -17 -128
-5 -18 -128
-5 -19 -128
-1 -23 -129
-1 -24 -129
-1 -25 -129
-2 -21 -129
-2 -24 -129
-2 -25 -129
-3 -21 -129
-3 -22 -129
-3 -25 -129
-4 -21 -129
-4 -22 -129
-4 -23 -129
-5 -21 -129
-5 -22 -129
-5 -23 -129
-5 -24 -129
-6 -3 -130
-6 -4 -130
-6 -5 -130
-7 -1 -130
-7 -4 -130
-7 -5 -130
-8 -1 -130
-8 -2 -130
-8 -5 -130
-9 -1 -130
-9 -2 -130
-9 -3 -130
-10 -1 -130
-10 -2 -130
-10 -3 -130
-10 -4 -130
-6 -13 -131
-6 -14 -131
-6 -15 -131
-7 -11 -131
-7 -14 -131
-7 -15 -131
-8 -11 -131
-8 -12 -131
-8 -15 -131
-9 -11 -131
-9 -12 -131
-9 -13 -131
-10 -11 -131
-10 -12 -131
-10 -13 -131
-10 -14 -131
-6 -18 -132
-6 -19 -132
-6 -20 -132
-7 -16 -132
-7 -19 -132
-7 -20 -132
-8 -16 -132
-8 -17 -132
-8 -20 -132
-9 -16 -132
-9 -17 -132
-9 -18 -132
-10 -16 -132
-10 -17 -132
-10 -18 -132
-10 -19 -132
-6 -23 -133
-6 -24 -133
-6 -25 -133
-7 -21 -133
-7 -24 -133
-7 -25 -133
-8 -21 -133
-8 -22 -133
-8 -25 -133
-9 -21 -133
-9 -22 -133
-9 -23 -133
-10 -21 -133
-10 -22 -133
-10 -23 -133
-10 -24 -133
-11 -3 -134
-11 -4 -134
-11 -5 -134
-12 -1 -134
-12 -4 -134
-12 -5 -134
-13 -1 -134
-13 -2 -134
-13 -5 -134
-14 -1 -134
-14 -2 -134
-14 -3 -134
-15 -1 -134
-15 -2 -134
-15 -3 -134
-15 -4 -134
-11 -8 -135
-11 -9 -135
-11 -10 -135
-12 -6 -135
-12 -9 -135
-12 -10 -135
-13 -6 -135
-13 -7 -135
-13 -10 -135
-14 -6 -135
-14 -7 -135
-14 -8 -135
-15 -6 -135
-15 -7 -135
-15 -8 -135
-15 -9 -135
-11 -18 -136
-11 -19 -136
-11 -20 -136
-12 -16 -136
-12 -19 -136
-12 -20 -136
-13 -16 -136
-13 -17 -136
-13 -20 -136
-14 -16 -136
-14 -17 -136
-14 -18 -136
-15 -16 -136
-15 -17 -136
-15 -18 -136
-15 -19 -136
-11 -23 -137
-11 -24 -137
-11 -25 -137
-12 -21 -137
-12 -24 -137
-12 -25 -137
-13 -21 -137
-13 -22 -137
-13 -25 -137
-14 -21 -137
-14 -22 -137
-14 -23 -137
-15 -21 -137
-15 -22 -137
-15 -23 -137
-15 -24 -137
-16 -3 -138
-16 -4 -138
-16 -5 -138
-17 -1 -138
-17 -4 -138
-17 -5 -138
-18 -1 -138
-18 -2 -138
-18 -5 -138
-19 -1 -138
-19 -2 -138
-19 -3 -138
-20 -1 -138
-20 -2 -138
-20 -3 -138
-20 -4 -138
-16 -8 -139
-16 -9 -139
-16 -10 -139
-17 -6 -139
-17 -9 -139
-17 -10 -139
-18 -6 -139
-18 -7 -139
-18 -10 -139
-19 -6 -139
-19 -7 -139
-19 -8 -139
-20 -6 -139
-20 -7 -139
-20 -8 -139
-20 -9 -139
-16 -13 -140
-16 -14 -140
-16 -15 -140
-17 -11 -140
-17 -14 -140
-17 -15 -140
-18 -11 -140
-18 -12 -140
-18 -15 -140
-19 -11 -140
-19 -12 -140
-19 -13 -140
-20 -11 -140
-20 -12 -140
-20 -13 -140
-20 -14 -140
-16 -23 -141
-16 -24 -141
-16 -25 -141
-17 -21 -141
-17 -24 -141
-17 -25 -141
-18 -21 -141
-18 -22 -141
-18 -25 -141
-19 -21 -141
-19 -22 -141
-19 -23 -141
-20 -21 -141
-20 -22 -141
-20 -23 -141
-20 -24 -141
-21 -3 -142
-21 -4 -142
-21 -5 -142
-22 -1 -142
-22 -4 -142
-22 -5 -142
-23 -1 -142
-23 -2 -142
-23 -5 -142
-24 -1 -142
-24 -2 -142
-24 -3 -142
-25 -1 -142
-25 -2 -142
-25 -3 -142
-25 -4 -142
-21 -8 -143
-21 -9 -143
-21 -10 -143
-22 -6 -143
-22 -9 -143
-22 -10 -143
-23 -6 -143
-23 -7 -143
-23 -10 -143
-24 -6 -143
-24 -7 -143
-24 -8 -143
-25 -6 -143
-25 -7 -143
-25 -8 -143
-25 -9 -143
-21 -13 -144
-21 -14 -144
-21 -15 -144
-22 -11 -144
-22 -14 -144
-22 -15 -144
-23 -11 -144
-23 -12 -144
-23 -15 -144
-24 -11 -144
-24 -12 -144
-24 -13 -144
-25 -11 -144
-25 -12 -144
-25 -13 -144
-25 -14 -144
-21 -18 -145
-21 -19 -145
-21 -20 -145
-22 -16 -145
-22 -19 -145
-22 -20 -145
-23 -16 -145
-23 -17 -145
-23 -20 -145
-24 -16 -145
-24 -17 -145
-24 -18 -145
-25 -16 -145
-25 -17 -145
-25 -18 -145
-25 -19 -145
-126 146
-127 147
-128 148
-129 149
-131 150
-132 151
-133 152
-136 153
-137 154
-141 155
-130 146
-134 147
-138 148
-142 149
-135 150
-139 151
-143 152
-140 153
-144 154
-145 155
126 130 -146
127 134 -147
128 138 -148
129 142 -149
131 135 -150
132 139 -151
133 143 -152
136 140 -153
137 144 -154
141 145 -155
-1 -6
-1 -11
-1 -16
-1 -21
-6 -11
-6 -16
-6 -21
-11 -16
-11 -21
-16 -21
-2 -7
-2 -12
-2 -17
-2 -22
-7 -12
-7 -17
-7 -22
-12 -17
-12 -22
-17 -22
-3 -8
-3 -13
-3 -18
-3 -23
-8 -13
-8 -18
-8 -23
-13 -18
-13 -23
-18 -23
-4 -9
-4 -14
-4 -19
-4 -24
-9 -14
-9 -19
-9 -24
-14 -19
-14 -24
-19 -24
-5 -10
-5 -15
-5 -20
-5 -25
-10 -15
-10 -20
-10 -25
-15 -20
-15 -25
-20 -25
-51 -56
-51 -61
-51 -66
-51 -71
-56 -61
-56 -66
-56 -71
-61 -66
-61 -71
-66 -71
-52 -57
-52 -62
-52 -67
-52 -72
-57 -62
-57 -67
-57 -72
-62 -67
-62 -72
-67 -72
-53 -58
-53 -63
-53 -68
-53 -73
-58 -63
-58 -68
-58 -73
-63 -68
-63 -73
-68 -73
-54 -59
-54 -64
-54 -69
-54 -74
-59 -64
-59 -69
-59 -74
-64 -69
-64 -74
-69 -74
-55 -60
-55 -65
-55 -70
-55 -75
-60 -65
-60 -70
-60 -75
-65 -70
-65 -75
-70 -75
-26 -31
-26 -36
-26 -41
-26 -46
-31 -36
-31 -41
-31 -46
-36 -41
-36 -46
-41 -46
-27 -32
-27 -37
-27 -42
-27 -47
-32 -37
-32 -42
-32 -47
-37 -42
-37 -47
-42 -47
-28 -33
-28 -38
-28 -43
-28 -48
-33 -38
-33 -43
-33 -48
-38 -43
-38 -48
-43 -48
-29 -34
-29 -39
-29 -44
-29 -49
-34 -39
-34 -44
-34 -49
-39 -44
-39 -49
-44 -49
-30 -35
-30 -40
-30 -45
-30 -50
-35 -40
-35 -45
-35 -50
-40 -45
-40 -50
-45 -50
-101 -106
-101 -111
-101 -116
-101 -121
-106 -111
-106 -116
-106 -121
-111 -116
-111 -121
-116 -121
-102 -107
-102 -112
-102 -117
-102 -122
-107 -112
-107 -117
-107 -122
-112 -117
-112 -122
-117 -122
-103 -108
-103 -113
-103 -118
-103 -123
-108 -113
-108 -118
-108 -123
-113 -118
-113 -123
-118 -123
-104 -109
-104 -114
-104 -119
-104 -124
-109 -114
-109 -119
-109 -124
-114 -119
-114 -124
-119 -124
-105 -110
-105 -115
-105 -120
-105 -125
-110 -115
-110 -120
-110 -125
-115 -120
-115 -125
-120 -125
-76 -81
-76 -86
-76 -91
-76 -96
-81 -86
-81 -91
-81 -96
-86 -91
-86 -96
-91 -96
-77 -82
-77 -87
-77 -92
-77 -97
-82 -87
-82 -92
-82 -97
-87 -92
-87 -97
-92 -97
-78 -83
-78 -88
-78 -93
-78 -98
-83 -88
-83 -93
-83 -98
-88 -93
-88 -98
-93 -98
-79 -84
-79 -89
-79 -94
-79 -99
-84 -89
-84 -94
-84 -99
-89 -94
-89 -99
-94 -99
-80 -85
-80 -90
-80 -95
-80 -100
-85 -90
-85 -95
-85 -100
-90 -95
-90 -100
-95 -100
51
42
122
11
82
-65
-55 147
-60 150
-70 153
-75 154
-101 -57
-101 -62
-101 -67
-101 -72
-106 -52
-106 -62
-106 -67
-106 -72
-111 -52
-111 -57
-111 -67
-111 -72
-116 -52
-116 -57
-116 -62
-116 -72
-121 -52
-121 -57
-121 -62
-121 -67
-30 -81
-30 -86
-30 -91
-30 -96
-35 -76
-35 -86
-35 -91
-35 -96
-40 -76
-40 -81
-40 -91
-40 -96
-45 -76
-45 -81
-45 -86
-45 -96
-50 -76
-50 -81
-50 -86
-50 -91
-54 -83
-54 -88
-54 -93
-54 -98
-59 -78
-59 -88
-59 -93
-59 -98
-64 -78
-64 -83
-64 -93
-64 -98
-69 -78
-69 -83
-69 -88
-69 -98
-74 -78
-74 -83
-74 -88
-74 -93
-79 -108
-79 -113
-79 -118
-79 -123
-84 -103
-84 -113
-84 -118
-84 -123
-89 -103
-89 -108
-89 -118
-89 -123
-94 -103
-94 -108
-94 -113
-94 -123
-99 -103
-99 -108
-99 -113
-99 -118
-105 -8
-105 -13
-105 -18
-105 -23
-110 -3
-110 -13
-110 -18
-110 -23
-115 -3
-115 -8
-115 -18
-115 -23
-120 -3
-120 -8
-120 -13
-120 -23
-125 -3
-125 -8
-125 -13
-125 -18
-53 -57 126
-53 -62 127
-53 -67 128
-53 -72 129
-58 -52 130
-58 -62 131
-58 -67 132
-58 -72 133
-63 -52 134
-63 -57 135
-63 -67 136
-63 -72 137
-68 -52 138
-68 -57 139
-68 -62 140
-68 -72 141
-73 -52 142
-73 -57 143
-73 -62 144
-73 -67 145
-80 -29
-85 -34
-90 -39
-95 -44
-100 -49
-80 -34 146
-80 -39 147
-80 -44 148
-80 -49 149
-85 -29 146
-85 -39 150
-85 -44 151
-85 -49 152
-90 -29 147
-90 -34 150
-90 -44 153
-90 -49 154
-95 -29 148
-95 -34 151
-95 -39 153
-95 -49 155
-100 -29 149
-100 -34 152
-100 -39 154
-100 -44 155
-78 -28
-83 -33
-88 -38
-93 -43
-98 -48
-78 -33 146
-78 -38 147
-78 -43 148
-78 -48 149
-83 -28 146
-83 -38 150
-83 -43 151
-83 -48 152
-88 -28 147
-88 -33 150
-88 -43 153
-88 -48 154
-93 -28 148
-93 -33 151
-93 -38 153
-93 -48 155
-98 -28 149
-98 -33 152
-98 -38 154
-98 -43 155