-2 1
-3 -2
-3 -2 -1
3 2 -1
-3 2 1
3 -2 1
-4 2
-5 -4
-5 -4 -2
5 4 -2
-5 4 2
5 -4 2
-6 4
-7 -6
-7 -6 -4
7 6 -4
-7 6 4
7 -6 4
-8 6
-9 -8
-9 -8 -6
9 8 -6
-9 8 6
9 -8 6
-10 8
-11 -10
-11 -10 -8
11 10 -8
-11 10 8
11 -10 8
-12 10
-13 -12
-13 -12 -10
13 12 -10
-13 12 10
13 -12 10
-14 12
-15 -14
-15 -14 -12
15 14 -12
-15 14 12
15 -14 12
-16 14
-17 -16
-17 -16 -14
17 16 -14
-17 16 14
17 -16 14
-18 16
-19 -18
-19 -18 -16
19 18 -16
-19 18 16
19 -18 16
-20 18
-21 -20
-21 -20 -18
21 20 -18
-21 20 18
21 -20 18
-22 20
-23 -22
-23 -22 -20
23 22 -20
-23 22 20
23 -22 20
-24 22
-25 -24
-25 -24 -22
25 24 -22
-25 24 22
25 -24 22
-26 24
-27 -26
-27 -26 -24
27 26 -24
-27 26 24
27 -26 24
-28 26
-29 -28
-29 -28 -26
29 28 -26
-29 28 26
29 -28 26
28 -30
-31 -30
-31 -28 -30
31 -28 30
-31 28 30
31 28 -30
-33 -32 -3
33 32 -3
-33 32 3
33 -32 3
-35 -34 -32
35 34 -32
-35 34 32
35 -34 32
-37 -34 36
37 -34 -36
-37 34 -36
37 34 36
-39 -38 -5
39 38 -5
-39 38 5
39 -38 5
-35 -40 -38
35 40 -38
-35 40 38
35 -40 38
-42 -41 -40
42 41 -40
-42 41 40
42 -41 40
-36 -41 43
36 -41 -43
-36 41 -43
36 41 43
-44 -7 29
44 -7 -29
44 7 29
-44 7 -29
-33 -45 -44
33 45 -44
-33 45 44
33 -45 44
-37 -36 -45
37 36 -45
-37 36 45
37 -36 45
-37 -46 -9
37 46 -9
-37 46 9
37 -46 9
-36 -43 -46
36 43 -46
-36 43 46
36 -43 46
-39 -47 -11
39 47 -11
-39 47 11
39 -47 11
-33 -48 -47
33 48 -47
-33 48 47
33 -48 47
-37 -36 -48
37 36 -48
-37 36 48
37 -36 48
-39 -49 -13
39 49 -13
-39 49 13
39 -49 13
-33 -36 -49
33 36 -49
-33 36 49
33 -36 49
-50 -15 29
50 -15 -29
50 15 29
-50 15 -29
-35 -37 -50
35 37 -50
-35 37 50
35 -37 50
-39 -35 -17
39 35 -17
-39 35 17
39 -35 17
-39 -51 -19
39 51 -19
-39 51 19
39 -51 19
-35 -52 -51
35 52 -51
-35 52 51
35 -52 51
-37 -52 42
37 -52 -42
-37 52 -42
37 52 42
-53 -21 29
53 -21 -29
53 21 29
-53 21 -29
-33 -54 -53
33 54 -53
-33 54 53
33 -54 53
-35 -54 42
35 -54 -42
-35 54 -42
35 54 42
-33 -23 42
33 -23 -42
-33 23 -42
33 23 42
-55 -25 29
55 -25 -29
55 25 29
-55 25 -29
-33 -56 -55
33 56 -55
-33 56 55
33 -56 55
-35 -56 36
35 -56 -36
-35 56 -36
35 56 36
-39 -57 -27
39 57 -27
-39 57 27
39 -57 27
-58 -57 29
58 -57 -29
58 57 29
-58 57 -29
-35 -59 -58
35 59 -58
-35 59 58
35 -59 58
-37 -59 -36
37 -59 36
-37 59 36
37 59 -36
-37 -60 -31
37 60 -31
-37 60 31
37 -60 31
-42 -61 -60
42 61 -60
-42 61 60
42 -61 60
-36 -61 43
36 -61 -43
-36 61 -43
36 61 43
-39 -62 -30
39 62 -30
-39 62 30
39 -62 30
-33 -63 -62
33 63 -62
-33 63 62
33 -63 62
-42 -64 -63
42 64 -63
-42 64 63
42 -64 63
-36 -64 -43
36 -64 43
-36 64 43
36 64 -43